3,2
10,65
10,253
10,169
10,159
10,263
10,21
10,271
11,25
11,7
11,5
11,11
11,29
11,2
11,3
9,5
9,1
9,7
227,1
227,0
226,3
226,2
9,2
226,1
226,0
225,3
9,3
225,2
225,1
225,0
224,3
224,2
224,1
224,0
223,3
8,15
8,7
223,2
8,8
223,1
223,0
222,4
222,3
8,17
222,2
222,1
222,0
221,4
221,3
8,11
8,2
8,3
221,2
0,425
221,1
221,0
220,3
220,2
220,1
220,0
219,3
12,2
219,2
12,1
219,1
219,0
218,3
12,3
218,2
218,1
218,0
217,3
217,2
217,1
217,0
216,5
216,4
216,3
216,2
216,1
216,0
215,5
215,4
215,3
215,2
215,1
215,0
214,6
214,5
214,4
214,3
214,2
214,1
214,0
213,4
213,3
213,2
213,1
213,0
212,9
212,8
212,7
212,6
212,5
212,4
212,3
212,2
212,1
212,0
211,3
211,2
211,1
211,0
210,5
210,4
210,3
210,2
210,1
210,0
209,3
209,2
209,1
209,0
208,1
208,3
20,3
